4.845552809377450376e-08
6.154929209518685397e-08
7.291180600179088809e-08
8.556551218733256276e-08
1.005744231157864098e-07
1.187877286278441509e-07
1.412423339397583640e-07
1.692962554271260330e-07
2.047704195808132294e-07
2.502010131446966522e-07
3.094496308902896388e-07
3.441144841522847074e-07
3.842987166066135717e-07
4.307294964030085001e-07
4.841587827323788234e-07
5.447329427555048032e-07
6.153783514615496252e-07
6.958579980624877141e-07
7.870916250903010783e-07
8.912478756551147211e-07
1.008683972117350974e-06
1.137445463879641774e-06
1.276669821164323011e-06
1.422580328745601754e-06
1.572518454415028997e-06
1.717936761968999279e-06
1.849069305946055910e-06
1.957116983430621974e-06
2.023080108444558045e-06
2.049694224843575202e-06
2.004126076441826937e-06
1.903539454930643611e-06
1.730228864560601197e-06
1.506161453682585218e-06
1.246880379041777733e-06
9.803529191980083125e-07
7.294043771841651350e-07
5.153717617765025493e-07
3.497240977212031026e-07
2.344470687007513268e-07
1.633289209499843432e-07
1.265639849032840769e-07
1.149004155211305487e-07
1.229113143102144172e-07
1.502395759189866433e-07
2.029727026901388655e-07
2.862245940751816055e-07
3.897652718941225529e-07
5.054753564195825739e-07
6.289462459615147056e-07
7.593746778357211680e-07
1.039853400232116603e-06
1.368714718093194741e-06
1.763260787289925267e-06
2.246411174923455946e-06
2.848978009482501640e-06
