5.009261203602209376e-08
6.362904322356756091e-08
7.537588181036022357e-08
8.845767315149222845e-08
1.039744214721232678e-07
1.228040695643543668e-07
1.460186432544762069e-07
1.750221643590354584e-07
2.116972553667929187e-07
2.586660399264771773e-07
3.199209476756066767e-07
3.557598131145677845e-07
3.973050518308779605e-07
4.453085009841880361e-07
5.005476348908043400e-07
5.631738470274580141e-07
6.362126394397311672e-07
7.194190950657274988e-07
8.137442114289557041e-07
9.214301885529555024e-07
1.042846516966231194e-06
1.175972773757297921e-06
1.319917425362323908e-06
1.470776085301385683e-06
1.625800385572423152e-06
1.776153589928170368e-06
1.911739036825492041e-06
2.023459453358773897e-06
2.091671247744213536e-06
2.119201923097049923e-06
2.072104787875793243e-06
1.968123778644333639e-06
1.788951605717479933e-06
1.557298180797657138e-06
1.289232085114545646e-06
1.013668139448741190e-06
7.542058651390057404e-07
5.329073145740921140e-07
3.616326898224110791e-07
2.424374776214498081e-07
1.689012724646149809e-07
1.308872166076419434e-07
1.188307313514774108e-07
1.271225436013468879e-07
1.553969448640642723e-07
2.099564684639121973e-07
2.960981939935034934e-07
4.032426722122938340e-07
5.229906061939790429e-07
6.507803416602361635e-07
7.857805820639946423e-07
1.076116849822037622e-06
1.416572856861746673e-06
1.825069548296743565e-06
2.325350268941760685e-06
2.949338121793982829e-06
