8.753392034258041997e-08
1.112093870452348559e-07
1.317684775343232614e-07
1.546703064375597964e-07
1.818402448273207476e-07
2.148170037947763297e-07
2.554802985624099496e-07
3.062925904651786330e-07
3.705563523489772096e-07
4.528717546142594141e-07
5.602420738555170361e-07
6.230751513952954312e-07
6.959174233618576331e-07
7.800899958436130262e-07
8.769593822828335860e-07
9.867959549096606139e-07
1.114905300985548106e-06
1.260866656049391159e-06
1.426354838624481695e-06
1.615308733562429281e-06
1.828388232359311609e-06
2.062066780287307971e-06
2.314796089746099604e-06
2.579747737858541900e-06
2.852117510137363299e-06
3.116425421174314008e-06
3.354971932813473395e-06
3.551795437554933522e-06
3.672425320668593738e-06
3.721769538901240858e-06
3.640208564061358685e-06
3.458769478811297746e-06
3.145202985559248529e-06
2.739239405242517466e-06
2.268981948059356209e-06
1.785151771224907721e-06
1.329209389247206337e-06
9.400062343142640020e-07
6.385304141207825644e-07
4.285649060480015453e-07
2.989730335583229587e-07
2.320439296754329299e-07
2.110481586600966560e-07
2.262464439356406060e-07
2.772332966555412377e-07
3.756571763900770323e-07
5.314692496403152539e-07
7.258963202174602508e-07
9.438657630542069091e-07
1.177120892981970062e-06
1.424144443316028220e-06
1.957039230956114981e-06
2.584207776830074087e-06
3.339181719203980789e-06
4.266638709202773405e-06
5.426856174972587081e-06
